90001294
90003298
90003330
90004513
90004870
90005703
90006977
90008756
90009614
90011431
90012445
90012578
90015148
90015403
90015428
90015601
90017798
90018742
90019034
90019040
90019251
90019425
90019551
90020922
90021397
90023895
90024262
90024665
90024678
90026758
90028969
90030848
90031360
90032690
90035588
90035967
90036708
90038709
90040475
90040893
90041481
90041878
90042171
90043084
90046253
90048591
90049279
90051133
90051521
90053666
90055782
90057629
90058154
90064672
90064968
90067221
90069215
90069627
90069819
90070699
90071890
90072770
90073831
90073899
90080401
90081206
90083044
90084132
90085447
90086498
90087492
90088135
90088484
90088720
90088977
90089211
90089798
90091467
90091730
90092478
90095355
90098047
90098934
90099261
90099271
90099408
90101435
90101867
90103040
90103211
90103761
90104249
90104898
90109370
90109738
90110406
90111896
90112078
90112756
90113605
90113792
90114262
90115466
90116316
90118727
90120628
90121673
90122143
90122543
90122749
90124644
90125706
90126262
90126299
90127351
90128554
90131148
90131215
90131611
90133028
90133288
90136760
90137514
90137936
90138007
90138060
90138434
90139474
90140031
90140850
90141038
90141928
90143089
90143528
90143677
90145169
90145436
90146146
90146150
90147353
90148667
90148966
90149613
90151981
90153699
90155314
90159171
90163755
90164019
90166579
90167152
90168906
90169610
90171161
90172601
90172904
90173428
90174741
90174886
90175023
90175273
90175618
90175868
90176139
90176245
90179548
90180063
90180952
90181678
90183994
90184560
90185329
90185901
90188116
90188200
90188202
90189351
90191246
90191365
90191897
90193394
90194364
90194743
90194764
90198024
90202673
90204647
90204764
90204895
90209000
90210205
90210232
90210474
90212884
90213000
90214126
90214392
90214393
90214822
90215097
90217122
90217134
90218221
90219159
90219823
90220971
90220979
90221407
90221870
90222171
90222213
90222215
90223100
90226803
90227434
90228427
90229700
90229839
90230582
90234060
90235666
90235919
90238525
90239677
90240022
90243804
90244716
90246118
90249405
90249899
90250057
90250380
90251721
90251790
90251898
90252052
90252271
90252434
90252477
90252758
90253367
90254008
90254582
90255568
90256493
90259467
90261062
90261622
90263081
90263749
90264881
90266127
90266129
90266506
90266543
90268561
90271167
90272426
90273665
90274258
90276766
90277998
90278779
90279111
90279144
90281580
90283232
90287131
90289060
90289126
90289133
90290608
90290920
90293386
90294587
90294778
90294931
90299852
90300587
90300633
90302328
90305774
90310517
90311312
90311795
90313987
90315947
90318655
90319124
90322730
90323152
90323668
90325151
90325277
90326869
90327447
90331478
90331649
90331788
90332783
90332862
90333108
90333153
90336096
90336712
90336873
90336962
90337365
90339505
90339589
90339982
90339991
90340629
90340924
90342174
90342623
90343094
90343285
90343389
90343952
90344580
90346255
90346269
90346349
90347005
90347174
90347837
90348436
90349084
90350725
90352118
90353650
90354822
90356262
90356378
90357181
90358183
90359040
90359809
90360164
90360469
90360678
90361582
90361629
90362475
90362913
90363616
90363681
90366089
90366740
90367732
90370965
90374359
90377431
90378704
90379939
90381522
90383303
90383664
90384526
90390340
90392078
90393808
90394639
90396862
90396978
90397470
90398434
90398774
90398849
90399085
90401223
90403980
90404052
90404085
90404515
90405346
90406467
90407921
90408016
90408845
90409837
90410259
90410476
90412229
90412458
90412469
90413583
90415203
90418203
90418555
90421293
90421466
90422319
90422478
90422972
90424026
90425283
90426163
90426165
90438991
90441128
90441266
90441774
90441924
90444921
90446275
90449116
90449298
90449989
90451520
90452495
90452705
90454504
90456231
90457582
90458316
90458571
90459545
90459932
90464854
90465921
90466165
90469562
90472337
90475439
90478327
90479028
90479668
90480029
90480204
90480869
90481705
90483233
90484355
90484519
90485912
90486849
90488655
90492550
90492935
90493625
90494395
90495403
90496119
90496476
90496764
90497728
90498970
90502785
90502987
90503262
90503998
90504634
90504966
90505432
90506260
90506420
90506450
90506590
90507495
90507999
90512294
90512299
90517046
90518146
90522373
90524743
90526749
90527200
90527232
90529390
90531658
90531911
90532211
90533034
90533114
90534067
90534694
90535345
90537696
90538938
90544394
90544473
90544953
90546832
90549533
90549751
90549868
90550457
90553250
90553346
90555048
90556296
90556443
90556666
90556809
90556841
90556960
90560210
90560693
90562659
90564388
90565301
90565708
90566302
90568795
90569413
90569859
90569928
90570761
90572425
90575328
90576476
90579430
90581056
90581883
90583116
90584801
90585572
90587496
90587647
90588149
90588566
90589099
90589779
90592022
90592777
90593952
90596126
90598555
90598812
90599000
90600009
90602483
90603168
90603547
90604736
90604744
90604852
90605062
90605208
90605868
90606190
90608133
90608748
90610034
90613113
90613195
90616519
90616673
90619518
90623328
90623646
90625447
90625664
90625977
90626435
90628904
90628951
90630492
90630976
90631157
90631203
90631248
90631372
90631808
90633025
90633541
90634121
90634146
90635148
90635552
90635607
90637246
90637410
90637417
90638150
90640774
90641863
90641929
90642606
90643904
90645067
90646307
90646425
90647727
90651065
90652591
90653516
90654006
90654532
90655823
90656501
90657783
90659588
90661001
90661912
90662881
90666554
90666994
90667689
90668868
90669111
90674692
90677711
90678134
90680552
90681851
90683263
90683934
90684991
90686520
90686873
90687199
90690466
90690475
90690513
90690927
90694431
90696942
90697817
90698391
90698534
90699246
90701490
90701614
90702374
90703250
90703857
90704171
90705102
90705134
90706262
90707498
90710528
90711588
90712082
90712461
90713455
90713969
90714130
90714142
90715398
90719732
90719736
90722925
90723668
90724606
90724995
90726103
90727283
90729127
90730113
90730251
90730410
90731777
90732193
90733529
90739024
90739311
90739372
90739587
90745254
90746854
90749020
90749898
90749899
90750109
90750231
90750633
90751229
90753203
90753733
90753849
90754763
90754844
90755529
90758712
90759477
90760993
90761612
90762457
90763130
90763376
90764864
90766098
90766266
90766950
90769131
90769167
90771528
90773458
90773649
90775770
90775776
90776055
90777824
90777828
90779949
90780340
90781041
90788957
90790499
90792347
90794285
90797378
90797511
90797853
90800241
90800411
90800839
90801400
90801462
90803225
90803956
90805379
90809649
90809733
90809746
90810000
90810342
90812851
90813279
90815004
90815708
90815729
90815894
90816771
90820720
90821618
90822152
90822566
90822702
90822871
90823332
90824453
90824586
90825179
90825346
90825581
90826782
90828610
90829629
90831172
90831278
90834112
90834234
90834489
90834603
90834646
90834952
90835867
90836211
90836674
90843076
90844319
90844413
90844613
90845282
90845377
90846624
90847438
90848016
90848405
90849263
90849568
90851619
90852825
90853002
90855408
90857328
90858749
90859087
90859968
90860765
90863750
90864800
90865693
90865980
90866975
90867002
90867708
90868257
90868401
90869174
90869175
90869238
90869458
90869472
90871718
90873178
90874145
90875621
90877798
90878419
90879440
90881587
90881813
90882096
90882526
90885643
90886656
90887380
90887851
90888277
90888289
90889042
90889253
90891054
90894330
90895673
90895858
90896100
90898154
90898292
90899130
90899864
90899981
90900793
90902225
90903236
90903486
90906074
90907085
90907333
90908529
90909904
90913439
90914034
90914470
90916847
90917832
90919818
90921723
90924986
90926519
90927363
90927814
90930377
90930456
90930474
90930889
90931807
90936249
90936456
90938037
90940428
90940814
90941585
90942787
90948889
90949128
90949614
90950048
90950655
90951717
90951989
90953102
90954092
90954380
90954760
90954823
90958012
90958086
90958322
90958623
90960253
90960368
90961280
90963725
90965173
90966136
90970095
90970317
90970865
90971733
90973049
90974150
90975469
90977104
90978115
90978270
90978311
90980195
90980235
90981142
90981478
90981879
90985282
90986072
90987688
90988924
90989881
90992214
90992466
90992732
90995153
90997861
90998103
90999489
91000514
91002588
91004702
91006225
91006397
91009149
91009391
91010506
91013619
91013835
91015602
91015744
91015965
91018078
91018619
91019599
91020232
91021959
91022674
91022737
91022859
91023560
91024133
91024464
91024866
91025312
91027517
91029758
91029782
91030520
91033518
91033771
91035878
91037723
91038657
91041430
91042076
91042635
91043635
91044016
91045303
91046789
91048419
91048443
91050066
91052761
91053698
91054729
91054881
91055101
91055269
91057819
91059713
91060093
91062618
91063152
91063847
91064640
91065540
91066207
91066419
91069652
91073937
91074123
91076238
91077332
91078014
91078859
91081856
91083054
91083247
91084403
91085339
91086566
91088741
91089754
91090229
91091594
91092095
91092319
91094092
91094913
91095047
91095238
91096611
91097937
91098278
91099343
91099790
91101208
91103558
91104507
91104750
91105822
91109357
91111757
91113867
91115512
91115866
91116742
91117441
91118499
91118988
91119675
91120077
91120417
91120778
91120868
91121003
91121017
91125270
91130282
91131301
91131930
91132571
91135401
91137011
91137639
91138174
91138623
91139322
91139622
91144220
91145214
91145227
91145910
91146523
91147145
91147317
91148227
91148885
91151347
91151536
91153292
91154488
91154916
91156946
91157039
91158733
91159154
91162407
91162871
91165530
91165705
91166624
91166992
91168881
91169044
91170110
91170633
91170838
91170944
91171651
91171814
91171953
91172267
91175158
91176277
91176577
91178412
91179811
91180319
91180328
91180428
91180823
91182868
91185346
91186446
91186785
91187123
91187694
91187989
91188220
91190870
91192175
91193150
91194228
91194435
91194522
91194625
91195502
91196592
91196683
91196975
91197513
91199240
91199400
91200296
91200504
91202327
91204121
91204364
91205990
91206848
91206866
91207033
91207246
91207620
91207725
91208267
91208555
91208621
91209892
91211192
91212224
91212955
91213354
91213388
91215463
91215501
91217674
91222944
91226222
91227449
91229490
91230610
91230617
91230921
91230976
91232254
91235743
91236922
91237694
91241144
91241278
91241621
91241668
91241819
91246897
91247141
91247476
91247761
91250446
91252652
91255501
91256335
91256681
91258169
91258175
91258601
91259933
91261243
91261325
91261464
91262950
91262953
91263113
91263695
91266434
91267554
91268889
91269015
91269835
91270656
91272020
91272545
91274538
91275435
91276265
91277257
91277804
91277846
91277972
91278954
91281771
91282140
91284399
91284652
91284735
91286706
91286894
91287635
91287834
91288209
91288537
91290432
91291547
91291879
91294094
91294750
91295973
91296606
91297415
91298492
91299755
91300971
91300997
91301011
91301314
91302251
91302750
91303004
91304528
91304560
91305047
91305070
91307860
91307926
91308875
91309507
91310095
91311455
91312041
91312340
91314720
91314857
91315650
91316261
91316386
91316460
91317146
91318749
91319322
91319462
91319934
91320911
91322527
91322838
91324209
91324894
91325391
91327460
91327688
91328540
91328996
91329205
91329215
91330928
91330977
91331747
91332000
91332403
91333360
91333463
91334542
91334800
91334872
91338047
91339067
91339445
91339746
91341579
91341580
91343021
91343365
91344481
91344522
91344927
91345864
91346645
91348383
91348646
91348814
91352361
91352687
91353347
91353428
91357798
91357865
91358150
91358977
91359914
91360136
91362281
91362552
91362921
91363189
91363693
91363949
91365834
91366534
91367314
91367649
91368738
91369534
91372980
91373081
91374385
91374961
91375740
91378430
91379462
91379710
91383302
91383519
91383820
91383845
91384924
91386780
91390886
91394069
91397846
91398267
91399012
91399476
91400579
91401256
91401270
91401280
91401287
91401291
91401313
91402135
91402425
91402943
91403384
91403430
91403561
91404440
91406182
91407331
91409396
91409791
91410540
91412849
91413960
91414136
91415048
91419766
91420698
91420816
91420819
91421033
91421168
91422246
91424719
91426128
91428683
91429173
91429680
91430298
91431287
91432369
91432467
91433406
91435061
91436298
91436365
91437032
91440472
91441107
91441737
91443156
91444782
91448018
91448245
91449432
91449448
91449626
91450299
91450506
91450667
91452860
91454510
91454972
91455357
91457065
91457407
91458158
91459802
91460855
91461942
91464928
91465584
91465877
91467394
91467771
91469805
91470833
91471020
91476037
91476051
91479837
91480531
91481348
91482189
91482703
91482740
91483238
91484845
91485024
91485469
91487735
91487817
91488530
91489054
91489670
91489981
91491203
91491795
91492123
91492494
91492799
91492898
91496817
91497790
91500530
91504213
91504328
91508040
91508704
91510099
91511810
91512920
91513192
91513196
91513371
91515224
91515698
91516169
91516350
91516565
91516964
91518557
91519009
91519172
91520103
91520167
91521738
91522708
91526812
91527781
91530384
91531824
91536927
91537209
91537634
91537926
91537972
91538517
91539772
91540556
91541399
91542405
91544921
91546913
91549165
91551235
91554130
91554507
91554700
91555652
91556935
91558589
91560312
91562366
91563189
91563289
91565188
91567494
91570120
91573228
91573386
91573704
91575474
91577702
91577727
91580868
91585125
91585407
91587193
91587754
91588813
91588850
91589898
91590166
91592070
91592543
91592955
91593713
91593918
91594259
91594904
91595533
91597667
91599007
91599262
91599331
91599584
91600778
91602280
91602735
91603101
91604684
91605254
91606979
91608166
91608539
91608652
91609546
91611662
91615974
91616648
91617803
91619918
91625094
91626671
91628902
91631009
91631577
91631760
91633156
91636232
91638301
91638613
91639273
91640080
91640738
91643350
91644254
91644430
91645139
91645326
91647204
91647250
91647869
91649752
91651404
91651583
91653182
91656862
91657477
91657994
91659274
91659484
91659684
91665270
91665860
91668227
91668395
91671775
91672452
91675205
91675407
91676608
91676800
91678810
91680461
91683869
91684029
91684264
91685415
91687462
91688818
91691568
91691742
91693090
91694350
91694721
91696589
91697250
91697484
91697852
91699150
91699346
91699402
91704905
91705327
91705935
91706340
91707993
91713486
91714170
91714708
91715562
91715929
91717252
91718820
91719641
91722699
91722751
91723807
91724821
91725883
91725959
91727235
91729427
91733801
91735400
91735428
91736465
91739294
91740976
91741799
91743141
91744542
91745686
91746350
91748729
91748897
91749512
91751283
91751318
91751822
91752280
91754383
91754423
91755103
91756290
91758520
91759525
91760512
91760932
91761955
91761979
91762273
91764752
91769979
91770107
91771480
91771838
91775197
91775550
91776687
91779365
91779856
91780499
91780511
91780830
91781935
91783866
91786925
91787848
91788598
91788662
91791377
91791883
91792466
91792540
91793290
91793776
91794534
91795088
91797544
91799750
91802975
91805293
91805458
91806018
91806028
91807018
91809401
91810044
91810659
91810953
91813536
91813924
91816759
91818943
91819047
91821157
91822390
91823747
91826525
91828604
91828918
91829411
91829799
91831836
91832669
91833309
91834471
91836358
91837976
91838315
91840429
91841472
91842308
91844980
91845257
91846025
91846595
91846635
91846661
91847901
91849818
91853682
91855183
91856269
91858258
91858426
91859246
91859427
91860855
91860915
91861406
91861655
91863232
91865450
91867967
91868866
91869656
91870864
91870908
91874854
91878136
91882047
91882449
91885434
91886388
91887051
91887582
91888064
91888178
91889767
91890549
91892691
91893595
91894772
91895204
91897378
91897830
91898329
91899083
91899954
91900118
91900946
91901174
91901609
91902639
91903172
91904747
91905001
91905117
91905195
91905552
91905556
91906149
91906187
91906669
91906954
91907436
91909180
91910031
91912776
91914946
91915530
91916994
91917934
91919846
91920348
91921630
91921990
91923293
91924323
91924541
91924582
91924848
91925008
91925436
91927112
91927124
91927247
91928080
91928424
91928488
91929027
91931711
91932121
91933635
91933874
91934387
91936962
91936971
91938300
91939195
91939393
91944640
91947460
91947694
91947807
91948844
91949692
91949762
91950769
91954233
91956715
91958141
91958767
91958840
91959639
91960847
91961668
91962697
91963216
91963746
91963816
91963986
91964655
91967081
91968963
91969476
91969975
91971731
91973455
91974243
91975222
91976083
91976205
91977931
91978398
91978784
91978986
91983613
91984925
91985581
91985659
91986461
91987874
91989075
91989633
91990283
91995748
91996701
91997821
91999856
91999908
91999916
92001170
92001470
92002126
92007386
92007794
92008412
92010078
92010083
92011582
92011698
92012858
92013179
92014200
92014616
92015340
92015787
92017626
92018904
92019799
92019867
92020645
92021050
92024284
92024796
92026177
92026602
92026687
92027177
92027734
92028527
92029909
92031168
92031442
92032325
92033127
92035920
92036191
92038191
92039871
92040566
92043054
92045581
92045704
92046487
92046652
92046801
92049210
92049680
92050401
92052638
92056193
92056827
92057186
92057623
92058736
92059188
92059660
92061296
92061354
92061929
92062652
92063595
92064580
92065725
92066304
92068931
92068937
92070949
92071183
92072494
92074001
92074605
92076575
92080037
92080041
92081709
92081843
92082037
92082154
92085413
92091292
92092472
92092639
92092730
92093040
92093198
92093694
92094610
92096233
92097013
92098607
92099024
92099363
92099570
92100274
92100867
92101127
92102006
92102858
92105312
92106552
92106650
92107641
92107751
92109197
92109409
92109832
92109918
92111247
92113355
92114949
92116305
92118067
92118526
92119477
92122626
92125139
92127733
92128349
92129342
92130841
92131312
92132707
92132743
92132772
92133269
92133592
92134768
92135285
92135766
92137359
92137486
92138036
92139346
92140306
92142306
92143714
92147255
92155103
92155326
92155474
92157740
92157781
92158228
92160751
92162755
92165741
92166329
92166730
92167390
92168517
92168598
92169332
92170276
92170341
92170384
92171203
92172872
92173006
92173337
92173529
92173816
92174166
92174471
92174487
92176412
92176637
92176786
92176938
92180431
92181077
92182900
92183158
92183187
92186152
92186518
92186855
92189886
92190480
92191431
92194452
92195903
92196634
92198297
92198793
92203845
92204148
92207258
92207524
92209578
92210607
92210827
92212187
92213506
92215238
92215916
92216301
92217730
92217762
92219405
92219544
92222252
92222331
92224131
92224161
92225139
92225452
92226089
92226397
92226812
92226967
92232331
92233172
92236647
92239328
92241087
92241391
92242466
92243353
92243546
92245094
92251838
92253552
92254284
92255654
92256531
92257590
92258684
92259873
92259980
92262775
92263146
92263315
92263524
92263914
92264292
92264509
92268178
92268845
92269897
92274719
92275935
92278501
92279825
92280134
92281476
92283610
92284853
92288628
92290032
92290245
92291595
92297291
92298254
92301055
92302310
92302825
92303126
92305400
92306825
92306873
92309633
92311754
92312549
92314357
92314530
92317137
92317893
92322525
92322869
92323882
92324283
92324722
92326197
92326428
92327994
92333964
92334462
92335048
92337094
92338236
92339384
92342288
92342878
92345467
92346667
92346979
92347374
92348152
92353468
92353946
92354145
92355290
92358788
92358795
92359298
92360504
92361122
92364679
92366788
92366949
92368449
92368803
92369521
92370138
92370674
92371360
92373791
92374083
92375199
92375400
92376062
92376127
92377217
92378289
92381263
92382243
92383247
92383276
92385811
92385961
92385988
92386357
92388270
92389391
92390455
92392319
92392532
92393274
92396280
92396563
92397006
92397454
92398630
92398741
92400169
92400303
92401878
92401892
92402149
92403515
92403527
92404026
92404668
92404983
92407619
92408039
92408287
92410997
92411230
92414303
92414420
92416574
92418569
92418848
92421389
92421461
92421798
92422288
92422994
92423085
92423511
92424236
92425333
92425465
92425871
92426465
92426556
92427467
92427970
92432271
92435215
92435887
92438602
92439752
92439935
92440816
92441097
92441664
92441731
92441924
92443668
92445159
92447012
92447445
92447589
92448153
92450877
92451229
92454499
92456208
92458708
92458796
92462437
92464360
92466228
92468154
92469554
92471285
92472074
92472822
92473568
92473584
92473786
92474197
92474385
92474478
92475811
92476460
92480638
92480878
92482187
92482252
92488491
92489972
92491038
92492629
92493646
92494194
92495588
92495824
92496412
92496527
92496930
92497629
92498070
92502685
92504117
92506210
92507367
92507495
92507710
92507844
92509807
92510274
92512285
92514030
92514352
92515422
92518073
92519288
92520182
92520518
92521359
92522592
92527238
92529091
92529669
92529792
92531052
92534531
92535391
92535547
92536108
92537610
92537997
92538553
92538737
92538976
92542135
92542403
92542627
92544855
92545295
92545838
92550355
92550502
92550633
92551358
92551619
92551799
92552346
92554988
92557399
92558057
92559189
92559944
92562425
92562804
92563169
92564568
92565917
92567304
92567742
92568329
92570993
92571103
92571561
92572791
92574381
92582106
92582813
92582982
92586617
92587040
92588128
92588389
92591131
92591619
92592741
92593371
92594043
92594140
92594273
92595174
92596584
92598521
92598539
92598605
92599586
92604301
92604435
92607757
92608937
92608963
92608975
92609636
92610089
92610929
92611571
92612209
92612774
92613838
92613973
92614103
92614204
92615240
92616186
92616278
92617185
92618162
92618374
92618628
92619213
92622816
92623053
92624903
92627525
92628419
92630210
92631553
92631914
92632835
92633881
92635850
92635977
92636867
92638685
92641209
92642060
92642243
92643105
92643566
92645464
92646558
92646786
92652421
92654101
92654107
92655515
92656301
92657471
92658661
92659915
92659948
92660564
92660566
92660945
92661138
92664456
92665626
92667128
92667295
92667304
92667665
92670262
92670878
92670920
92673452
92674593
92677654
92678365
92678388
92680059
92680270
92680434
92681641
92681800
92681857
92684345
92684741
92685771
92685830
92686296
92686331
92686928
92689564
92689747
92692164
92692530
92695369
92696697
92697098
92697447
92698510
92700609
92701540
92702259
92704458
92705623
92705921
92706792
92707216
92709368
92710392
92710462
92713558
92713580
92713825
92714450
92715625
92715717
92715940
92716761
92718092
92718379
92719209
92719461
92721140
92721641
92723114
92723714
92724887
92725607
92728427
92729446
92731928
92733055
92733917
92734345
92734713
92735403
92735892
92736744
92737291
92737667
92738299
92738550
92738832
92739614
92740205
92741390
92742627
92743768
92746273
92748171
92749382
92749472
92753318
92756664
92757659
92757874
92758338
92758405
92758673
92759211
92760535
92760976
92763001
92763671
92765421
92765797
92766387
92766443
92766890
92768105
92768294
92768361
92768458
92769138
92772099
92773032
92775650
92775776
92776256
92777923
92778757
92779528
92780444
92780870
92781295
92782497
92782836
92783373
92783456
92783833
92783944
92784081
92784296
92784839
92787150
92788221
92789939
92790387
92791443
92791464
92792055
92792174
92793016
92794649
92796017
92796636
92796686
92797776
92799807
92806909
92807616
92807696
92807710
92809995
92810833
92812150
92813835
92816206
92817381
92817671
92821915
92824639
92825342
92826934
92827018
92827221
92829745
92831956
92832398
92837199
92838254
92839823
92841139
92841612
92842073
92842325
92843083
92843223
92843275
92843767
92844441
92844628
92845010
92845060
92845531
92845913
92847452
92848739
92849099
92850466
92851013
92851429
92851480
92851874
92852248
92853305
92854783
92855777
92857638
92859447
92860422
92861309
92864576
92866781
92868243
92868364
92868851
92869236
92871103
92871242
92871454
92872554
92873164
92873421
92873620
92874435
92874630
92875094
92876254
92876472
92877311
92877478
92878330
92879220
92879872
92880768
92880829
92882444
92883719
92884071
92886073
92887357
92888621
92889374
92890860
92891576
92892723
92894468
92894635
92897807
92899859
92900199
92902059
92902484
92903291
92903800
92903827
92904302
92906102
92907146
92907743
92907942
92908158
92909326
92910847
92911008
92912554
92914772
92916461
92916487
92917865
92918219
92918400
92918542
92918652
92920574
92921104
92924933
92924939
92925838
92926732
92927443
92928154
92928776
92929966
92930473
92930567
92930617
92931145
92932142
92932589
92932815
92934149
92935160
92935808
92936820
92937021
92939212
92940068
92941019
92942445
92942848
92945740
92946868
92947999
92948424
92949985
92951025
92951038
92951079
92951098
92952912
92954150
92954243
92955073
92959388
92959894
92960542
92960724
92961771
92962980
92963061
92963621
92966825
92970148
92971438
92973680
92974961
92976451
92978150
92980057
92982329
92984810
92985467
92985971
92986474
92989434
92989477
92989762
92990119
92990731
92991923
92992661
92992770
92993926
92994810
92994918
92996462
93002120
93006847
93008617
93009369
93010644
93011130
93011151
93012584
93013250
93013504
93014343
93014555
93015171
93015557
93016610
93017659
93019194
93021496
93021505
93026264
93026807
93026922
93026943
93026963
93026997
93027942
93029764
93032423
93032583
93033590
93034001
93036901
93039820
93041635
93044410
93046467
93046696
93049900
93051283
93055588
93056782
93058303
93059629
93063209
93063385
93064350
93064853
93065142
93065754
93066581
93067139
93067328
93068564
93069399
93070325
93070490
93070515
93070825
93070906
93073325
93074088
93079497
93080028
93081269
93082872
93082926
93085059
93085991
93086227
93088235
93088969
93089602
93090419
93093792
93094913
93095422
93095639
93096971
93104706
93105851
93106453
93109555
93110824
93112677
93112863
93113219
93113556
93119361
93120569
93121615
93122433
93124640
93127401
93129053
93129486
93130311
93130312
93130370
93132321
93132469
93134024
93134220
93135788
93136529
93136629
93139610
93139973
93147728
93151084
93151974
93153675
93153796
93153892
93155133
93155434
93157010
93159863
93160525
93160533
93160808
93161682
93161831
93162358
93163901
93164490
93164780
93167023
93168490
93170349
93171945
93173277
93175448
93175514
93176725
93179983
93180024
93182060
93184118
93184429
93185681
93185713
93185987
93186013
93187351
93187890
93188019
93188476
93190039
93190210
93190704
93192906
93193644
93194963
93197774
93198293
93202244
93202469
93204195
93204640
93205665
93205805
93206542
93207288
93208882
93213312
93214097
93215649
93215842
93216053
93216829
93217875
93217944
93219300
93221599
93222921
93223051
93225606
93226103
93226342
93227415
93227674
93229474
93231890
93232509
93232796
93233632
93235841
93238918
93239034
93239486
93240640
93241507
93245347
93245362
93247190
93248078
93251444
93251805
93251889
93252047
93253858
93254920
93256028
93256256
93257524
93258797
93261392
93262051
93262144
93263232
93264251
93264632
93267085
93267456
93269067
93269286
93270557
93271071
93274892
93279383
93280801
93281553
93283001
93284644
93284722
93284793
93286210
93291553
93296809
93297557
93300545
93303165
93311587
93312188
93312806
93313451
93313886
93314577
93314868
93315056
93317311
93318435
93320371
93320553
93320797
93323224
93325605
93326161
93327586
93327617
93327885
93329227
93330286
93330332
93332183
93333841
93333845
93336292
93336741
93336932
93337243
93341701
93341814
93342602
93345734
93348142
93349003
93349282
93350031
93350716
93351926
93352247
93352998
93354061
93354390
93355328
93359427
93362626
93364197
93366036
93366868
93370104
93371552
93371568
93372348
93373299
93374521
93375547
93375773
93376623
93376771
93382489
93382851
93384846
93386557
93387160
93387540
93388416
93388487
93389994
93390335
93390751
93391145
93392062
93392476
93392698
93393471
93394899
93395689
93397044
93398330
93399361
93399656
93400892
93401892
93404079
93408021
93408446
93409108
93411935
93413187
93413413
93413613
93414309
93415491
93417774
93418909
93419410
93420327
93420678
93421664
93422747
93422758
93424177
93424504
93425049
93425055
93426407
93431914
93432633
93434044
93435355
93438896
93440960
93441942
93442552
93443057
93443358
93447997
93448898
93450288
93450910
93451594
93452455
93453405
93453495
93454341
93456013
93461379
93461815
93462157
93462507
93464562
93464798
93468864
93470018
93472768
93472981
93475104
93475537
93476429
93476769
93484862
93486809
93488740
93490083
93491421
93493233
93494159
93498699
93500798
93503523
93504790
93505110
93506170
93507373
93510099
93513919
93514300
93515834
93516899
93517761
93518227
93521626
93522005
93522602
93523111
93526017
93526588
93527286
93527590
93530441
93531515
93532210
93535015
93536181
93538131
93538364
93540124
93540689
93540945
93541331
93542596
93542669
93543277
93544386
93546365
93547273
93549154
93551032
93551336
93551475
93556288
93556418
93557436
93558069
93558297
93558486
93559690
93561381
93563022
93564484
93566598
93567228
93567535
93569697
93571590
93571831
93574196
93575808
93576472
93576508
93576897
93576902
93577181
93580001
93580263
93580565
93583409
93589167
93589455
93589925
93591425
93592909
93594628
93596199
93596869
93596915
93598431
93600243
93600384
93601376
93603018
93604515
93607721
93608093
93608271
93609775
93612073
93615176
93615774
93617781
93618701
93622328
93622579
93625932
93627819
93630026
93631289
93632874
93635018
93636042
93638015
93639408
93639653
93641880
93643396
93643628
93643736
93647508
93649951
93650177
93650829
93652337
93652520
93653536
93653834
93654835
93655796
93657598
93658311
93658526
93658885
93660376
93665271
93666179
93666503
93667962
93669006
93670013
93671129
93671176
93672797
93672875
93673341
93674211
93677280
93678016
93678157
93679439
93680107
93681380
93681550
93683774
93683980
93684101
93684355
93685415
93685758
93685984
93691132
93691310
93692041
93693678
93694017
93694026
93694840
93696460
93701022
93702360
93702450
93702828
93703540
93703630
93704514
93704625
93705721
93707860
93708256
93708427
93708449
93709630
93709696
93713064
93713709
93718735
93725000
93725711
93728865
93729939
93730326
93731502
93735241
93735267
93735648
93736618
93738079
93738818
93740215
93740467
93741225
93741820
93743048
93743075
93748797
93750656
93753402
93754034
93754837
93756606
93757087
93758507
93759101
93762567
93763544
93764277
93764665
93765317
93766743
93768163
93768346
93769466
93770205
93771467
93771550
93775046
93777013
93777415
93780199
93782702
93782900
93783250
93787015
93791949
93793748
93796653
93798599
93798777
93799166
93799597
93800224
93800923
93802409
93804143
93805011
93805737
93805774
93806032
93807931
93809057
93811933
93812219
93812640
93812942
93814836
93814849
93816096
93817103
93819262
93821056
93823134
93824617
93827780
93829656
93830818
93831545
93832031
93837449
93838475
93839611
93840155
93840868
93840986
93841913
93843722
93845021
93845263
93848992
93849340
93849639
93851429
93852324
93854449
93854959
93856110
93856726
93857604
93857681
93858547
93860842
93861487
93861518
93863071
93867261
93867589
93867751
93868260
93869486
93869645
93872229
93872608
93874501
93874728
93878262
93879165
93880189
93880428
93880969
93881727
93881876
93882187
93883724
93884173
93885119
93885501
93885993
93886483
93889253
93890808
93891207
93891488
93895609
93896611
93897045
93898305
93899207
93901255
93903481
93906115
93906138
93908152
93908434
93909444
93910154
93911460
93911968
93915841
93919767
93922268
93922701
93925013
93926287
93927318
93928044
93928267
93928496
93928520
93931063
93931829
93933724
93934648
93934715
93936234
93937121
93938081
93939147
93942336
93942486
93945240
93945749
93945965
93947038
93949268
93951350
93951754
93952262
93952925
93954017
93956358
93957973
93958060
93962484
93964076
93965086
93966375
93967546
93970959
93973370
93974125
93974994
93975004
93975949
93976346
93977846
93979172
93979864
93982910
93982951
93983540
93988459
93989764
93993236
93993895
93995431
93997098
93998361
93998737
93998980
93999310
93999906
94001314
94001386
94001586
94001883
94001942
94005095
94005872
94011997
94012135
94013822
94018100
94018333
94024691
94025188
94025455
94026225
94027740
94028201
94028902
94029784
94029901
94030862
94032156
94033442
94033530
94034122
94036409
94036800
94037782
94042133
94044828
94045435
94049152
94053051
94060665
94060693
94061522
94061956
94062467
94063048
94063819
94065472
94065549
94066760
94067684
94068236
94068605
94068906
94070251
94070729
94070889
94071175
94074614
94075250
94076786
94078184
94079950
94080629
94081992
94083932
94084425
94092376
94092554
94092620
94093045
94094253
94094379
94095283
94095415
94096141
94096518
94096623
94097094
94099271
94100472
94102008
94103134
94105745
94106414
94106511
94106645
94107713
94108547
94111744
94113905
94117195
94119358
94120009
94125707
94126884
94127235
94129402
94130554
94130940
94133460
94135512
94136577
94137708
94137968
94138920
94143431
94143569
94146821
94147593
94148842
94149440
94150989
94152108
94153370
94156317
94158078
94168404
94172767
94182378
94183242
94216378
94247820
94282367
94311649
94314258
94320840
